62.01466
49.86589
0
0
81.01466
52.86589
0
0
48.01466
44.86589
0
0
74.01466
75.86589
0
0
75.01466
55.86589
0
0
32.01466
53.86589
0
0
53.01466
74.86589
0
0
74.01466
45.86589
0
0
74.01466
72.86589
0
0
45.01466
43.86589
0
0
66.01466
64.86589
0
0
37.01466
36.86589
0
0
47.01466
50.86589
0
0
68.01466
71.86589
0
0
39.01466
42.86589
0
0
60.01466
64.86589
0
0
60.01466
43.86589
0
0
51.01466
56.86589
0
0
52.01466
36.86589
0
0
73.01466
57.86589
0
0
44.01466
78.86589
0
0
65.01466
50.86589
0
0
44.01466
46.86589
0
0
65.01466
67.86589
0
0
35.01466
38.86589
0
0
56.01466
59.86589
0
0
77.01466
81.86589
0
0
48.01466
52.86589
0
0
54.01466
41.86589
0
0
75.01466
62.86589
0
0
61.01466
66.86589
0
0
67.01466
55.86589
0
0
44.01466
39.86589
0
0
50.01466
78.86589
0
0
71.01466
50.86589
0
0
62.01466
63.86589
0
0
62.01466
42.86589
0
0
49.01466
45.86589
0
0
70.01466
67.86589
0
0
40.01466
38.86589
0
0
61.01466
59.86589
0
0
32.01466
81.86589
0
0
21.32525
-129.9432
0
0
56.32525
-145.9432
0
0
44.32525
-146.9432
0
0
66.32525
-129.9432
0
0
58.32525
-127.9432
0
0
47.32525
-125.9432
0
0
24.32525
-149.9432
0
0
42.32525
-142.9432
0
0
36.32525
-130.9432
0
0
35.32525
-156.9432
0
0
