21.32524669
-157.9431852
0
0
21.32524669
-157.9431852
0
0
21.32524669
-157.9431852
0
0
21.32524669
-157.9431852
0
0
21.32524669
-157.9431852
0
0
21.32524669
-157.9431852
0
0
21.32524669
-157.9431852
0
0
42.09308305
-87.85256584
0
0
42.09308457
-87.85256743
0
0
42.09308456
-87.85256737
0
0
42.09308456
-87.85256737
0
0
42.09308456
-87.85256736
0
0
42.09308456
-87.85256736
0
0
42.09308456
-87.85256736
0
0
42.09308456
-87.85256736
0
0
42.09308456
-87.85256736
0
0
42.09308456
-87.85256736
0
0
42.09308456
-87.85256736
0
0
42.09308456
-87.85256736
0
0
42.09308456
-87.85256736
0
0
42.09308456
-87.85256736
0
0
42.09308456
-87.85256736
0
0
42.09308456
-87.85256736
0
0
42.09308456
-87.85256736
0
0
42.09308456
-87.85256736
0
0
42.09308456
-87.85256736
0
0
42.09308456
-87.85256736
0
0
42.09308456
-87.85256736
0
0
42.09308456
-87.85256736
0
0
42.09308456
-87.85256736
0
0
